9405903699300380069915
9405903699300372857186
9405903699300369428351
9405903699300368436531
9405903699300367183443
9405903699300367207781
9405903699300365911222
9405903699300365358850
9405903699300364233295
9405903699300359777346
9405503699300491637432
9405903699300357821317
9405903699300357273468
9405903699300356474774
9405903699300355289263
9405903699300351057453
9405903699300349904899
9405903699300345799307
9405903699300345800713
9405903699300343540703
9405903699300342897280
9405903699300337389448
9405903699300334237643
9405510899236356913099
9405510899236355546847
9405510899236354870417
9405510899236354071661
9405510899236354074327
9405510899236351518497
9405510899236351525457
9405510899236350318272
9405903699300325641749
9405510899236349010798
9405510899236349008221
9405510899236349004773
9405510899236348293017
9405510899236347971640
9405510899236347966516
9405510899236347680696
9405510899236346546382
9405510899236346556459
9405510899236346481614
9405510899236343686555
9405510899236344065014
9405510899236342817400
9405510899236342823579
9405510899236342828406
9405510899236341961647
9405510899236341911093
9405510899236340735461
9405510899236341664555
9405510899236341664517